iota:bubble_sort:100000:
iota:bubble_sort:10000:
iota:bubble_sort:1000:
iota:bubble_sort:100:0.00915980339050293,0.00638580322265625,0.004389286041259766,0.007958173751831055,0.004611015319824219,0.008243083953857422,0.005338907241821289,0.004346132278442383,0.004645824432373047,0.00463414192199707
iota:bubble_sort:10:5.698204040527344e-05,5.507469177246094e-05,5.5789947509765625e-05,5.698204040527344e-05,5.5789947509765625e-05,5.817413330078125e-05,5.602836608886719e-05,7.700920104980469e-05,6.008148193359375e-05,5.698204040527344e-05
iota:bubble_sort:200:0.018305063247680664,0.018243074417114258,0.018229007720947266,0.0182950496673584,0.01820683479309082,0.018167972564697266,0.018240928649902344,0.018200159072875977,0.01829814910888672,0.018455982208251953
iota:bubble_sort:300:0.041287899017333984,0.04180097579956055,0.041960954666137695,0.04174208641052246,0.041632890701293945,0.0417017936706543,0.041873931884765625,0.04192018508911133,0.04178595542907715,0.04179096221923828
iota:bubble_sort:400:0.07668232917785645,0.07666921615600586,0.07610106468200684,0.07552909851074219,0.07584404945373535,0.07652115821838379,0.07614898681640625,0.07660198211669922,0.07612109184265137,0.07624197006225586
iota:bubble_sort:500:0.12011194229125977,0.12165307998657227,0.12139606475830078,0.12041616439819336,0.11984014511108398,0.11987805366516113,0.12037515640258789,0.1205298900604248,0.1204981803894043,0.1203920841217041
iota:bubble_sort:600:0.1730208396911621,0.17425107955932617,0.17525315284729004,0.17481398582458496,0.17532110214233398,0.17582201957702637,0.17441105842590332,0.17435789108276367,0.1730639934539795,0.17509984970092773
iota:bubble_sort:700:0.24031782150268555,0.23847723007202148,0.23726105690002441,0.23808884620666504,0.23723316192626953,0.23894309997558594,0.240980863571167,0.24429893493652344,0.23766398429870605,0.23741483688354492
iota:bubble_sort:800:0.31693530082702637,0.3169090747833252,0.323822021484375,0.31662893295288086,0.3149566650390625,0.31548309326171875,0.32491183280944824,0.3121211528778076,0.3122589588165283,0.3139917850494385
iota:bubble_sort:900:0.39517807960510254,0.39535093307495117,0.3961329460144043,0.3956177234649658,0.3915698528289795,0.4214820861816406,0.39881205558776855,0.3996429443359375,0.39559388160705566,0.4077329635620117
iota:bucket_sort:100000:1377.9157557487488
iota:bucket_sort:10000:19.411449909210205
iota:bucket_sort:1000:0.16649889945983887,0.16861820220947266,0.17222285270690918,0.15787410736083984,0.20507192611694336,0.1979389190673828,0.17882513999938965,0.1878950595855713,0.18566083908081055,0.19280576705932617
iota:bucket_sort:100:0.0014567375183105469,0.0014560222625732422,0.0014641284942626953,0.0014560222625732422,0.0014858245849609375,0.0047910213470458984,0.0014560222625732422,0.001455068588256836,0.0014557838439941406,0.001455068588256836
iota:bucket_sort:10:4.100799560546875e-05,3.981590270996094e-05,4.00543212890625e-05,4.00543212890625e-05,4.100799560546875e-05,4.00543212890625e-05,3.981590270996094e-05,4.029273986816406e-05,4.00543212890625e-05,4.029273986816406e-05
iota:bucket_sort:200:0.005257844924926758,0.005134105682373047,0.005203962326049805,0.00502324104309082,0.005090951919555664,0.005089998245239258,0.005085945129394531,0.005097150802612305,0.005096912384033203,0.0050890445709228516
iota:bucket_sort:300:0.011115074157714844,0.011088132858276367,0.011094093322753906,0.011149168014526367,0.011144876480102539,0.011116743087768555,0.01111602783203125,0.011122941970825195,0.011111259460449219,0.011095762252807617
iota:bucket_sort:400:0.019469022750854492,0.01940298080444336,0.019392967224121094,0.019448280334472656,0.019694089889526367,0.019476890563964844,0.01946878433227539,0.019677162170410156,0.01947808265686035,0.019482135772705078
iota:bucket_sort:500:0.03021526336669922,0.030230045318603516,0.030257225036621094,0.03027486801147461,0.03030109405517578,0.030252933502197266,0.03022313117980957,0.030264854431152344,0.030202865600585938,0.0302121639251709
iota:bucket_sort:600:0.04324793815612793,0.043340206146240234,0.04324603080749512,0.04318380355834961,0.0432281494140625,0.04322314262390137,0.043272972106933594,0.04335784912109375,0.04323387145996094,0.043386220932006836
iota:bucket_sort:700:0.05899214744567871,0.05882716178894043,0.05913686752319336,0.05879807472229004,0.05864310264587402,0.058875322341918945,0.05881690979003906,0.05880022048950195,0.05882596969604492,0.05879807472229004
iota:bucket_sort:800:0.07638382911682129,0.07567691802978516,0.07511305809020996,0.07691526412963867,0.0764460563659668,0.07649016380310059,0.07669186592102051,0.07641983032226562,0.07624506950378418,0.07630515098571777
iota:bucket_sort:900:0.09737396240234375,0.09671378135681152,0.09686684608459473,0.09666085243225098,0.09686517715454102,0.09666299819946289,0.09679579734802246,0.09657883644104004,0.09682297706604004,0.09717822074890137
iota:in_place_bubble_sort:10000:79.1468231678009
iota:in_place_bubble_sort:10000:81.40293312072754
iota:in_place_bubble_sort:1000:0.7684321403503418,0.7757878303527832,0.7731831073760986,0.7739980220794678,0.7745890617370605,0.7750401496887207,0.7714219093322754,0.7694306373596191,0.7733073234558105,0.7706460952758789
iota:in_place_bubble_sort:1000:0.820713996887207,0.8094220161437988,0.8095910549163818,0.8169741630554199,0.8096179962158203,0.8142600059509277,0.812396764755249,0.8109078407287598,0.810434103012085,0.8167023658752441
iota:in_place_bubble_sort:100:0.0076601505279541016,0.0076448917388916016,0.007631063461303711,0.007630825042724609,0.007877111434936523,0.007737874984741211,0.0077359676361083984,0.007714748382568359,0.007960796356201172,0.007709980010986328
iota:in_place_bubble_sort:100:0.007882356643676758,0.00785684585571289,0.00797581672668457,0.008044958114624023,0.007943868637084961,0.007969141006469727,0.007932901382446289,0.007934093475341797,0.007920265197753906,0.007985353469848633
iota:in_place_bubble_sort:10:9.703636169433594e-05,7.867813110351562e-05,0.0001468658447265625,8.106231689453125e-05,7.891654968261719e-05,9.703636169433594e-05,7.82012939453125e-05,7.915496826171875e-05,8.082389831542969e-05,7.796287536621094e-05
iota:in_place_bubble_sort:10:9.775161743164062e-05,9.799003601074219e-05,9.822845458984375e-05,9.703636169433594e-05,0.00010204315185546875,0.00010013580322265625,9.799003601074219e-05,9.679794311523438e-05,0.00010013580322265625,9.799003601074219e-05
iota:in_place_bubble_sort:200:0.030462265014648438,0.030688047409057617,0.030679941177368164,0.0306549072265625,0.0306241512298584,0.030705928802490234,0.030717849731445312,0.030650854110717773,0.03066396713256836,0.030759096145629883
iota:in_place_bubble_sort:200:0.030883073806762695,0.030643939971923828,0.03065800666809082,0.030660152435302734,0.030868053436279297,0.03084087371826172,0.030637025833129883,0.03065800666809082,0.030685901641845703,0.030709028244018555
iota:in_place_bubble_sort:300:0.0689249038696289,0.0688316822052002,0.06890392303466797,0.06893682479858398,0.06908798217773438,0.06909704208374023,0.06922507286071777,0.06916999816894531,0.06899905204772949,0.06885313987731934
iota:in_place_bubble_sort:300:0.06920909881591797,0.06901216506958008,0.0689549446105957,0.0682370662689209,0.06780815124511719,0.06774497032165527,0.06838178634643555,0.06874775886535645,0.0688471794128418,0.06979584693908691
iota:in_place_bubble_sort:400:0.12238097190856934,0.12237000465393066,0.12240839004516602,0.1226499080657959,0.12235784530639648,0.12276983261108398,0.12268185615539551,0.12282919883728027,0.12255382537841797,0.12292671203613281
iota:in_place_bubble_sort:500:0.19190716743469238,0.19199395179748535,0.19226908683776855,0.19274115562438965,0.19230198860168457,0.19241595268249512,0.1920299530029297,0.1923828125,0.19220471382141113,0.19215989112854004
iota:in_place_bubble_sort:600:0.2770109176635742,0.27495598793029785,0.27658891677856445,0.27697157859802246,0.27676892280578613,0.2769179344177246,0.27629899978637695,0.2766101360321045,0.2766857147216797,0.2768111228942871
iota:in_place_bubble_sort:700:0.37647008895874023,0.3783719539642334,0.3760678768157959,0.37919092178344727,0.37519216537475586,0.37669801712036133,0.376270055770874,0.37404489517211914,0.37534308433532715,0.43870115280151367
iota:in_place_bubble_sort:800:0.4914257526397705,0.49463891983032227,0.4906632900238037,0.49051690101623535,0.49085021018981934,0.5221030712127686,0.49730491638183594,0.49300193786621094,0.49251699447631836,0.4918210506439209
iota:in_place_bubble_sort:900:0.6243970394134521,0.6348857879638672,0.625715970993042,0.6348071098327637,0.6330769062042236,0.6368770599365234,0.626349687576294,0.6260449886322021,0.6252939701080322,0.6271159648895264
iota:iterative_insertion_sort:1000:1.907754898071289,1.7130560874938965,1.6793479919433594,1.6738860607147217,1.6770720481872559,1.6758980751037598,1.6727538108825684,1.6755871772766113,1.6750049591064453,1.7053887844085693
iota:iterative_insertion_sort:100:0.015727758407592773,0.01569509506225586,0.015724897384643555,0.01572394371032715,0.015733957290649414,0.015752077102661133,0.015749692916870117,0.01578497886657715,0.015720129013061523,0.015761852264404297
iota:iterative_insertion_sort:10:0.0002193450927734375,0.0002181529998779297,0.0002181529998779297,0.0002181529998779297,0.0002181529998779297,0.00024390220642089844,0.00021719932556152344,0.00021719932556152344,0.00021719932556152344,0.00021696090698242188
iota:merge_sort:100000:8.70119309425354
iota:merge_sort:10000:0.5256037712097168,0.596362829208374,0.6031768321990967,0.6369621753692627,0.6209080219268799,0.5740139484405518,0.5586938858032227,0.5818727016448975,0.6041531562805176,0.6343851089477539
iota:merge_sort:1000:0.047445058822631836,0.059857845306396484,0.04207301139831543,0.03863716125488281,0.0451509952545166,0.039541006088256836,0.03991198539733887,0.05926012992858887,0.048850059509277344,0.0460658073425293
iota:merge_sort:100:0.0018382072448730469,0.0018341541290283203,0.0018320083618164062,0.0018358230590820312,0.0018329620361328125,0.0018358230590820312,0.0018439292907714844,0.0018360614776611328,0.0027098655700683594,0.005596160888671875
iota:merge_sort:10:9.584426879882812e-05,9.608268737792969e-05,9.608268737792969e-05,9.703636169433594e-05,9.799003601074219e-05,9.608268737792969e-05,9.703636169433594e-05,9.489059448242188e-05,9.608268737792969e-05,9.584426879882812e-05
iota:merge_sort:2000:0.058032989501953125,0.058573007583618164,0.058107852935791016,0.05842900276184082,0.05939507484436035,0.05801987648010254,0.05858492851257324,0.05832505226135254,0.05885791778564453,0.0585939884185791
iota:merge_sort:200:0.004090309143066406,0.0040361881256103516,0.00402522087097168,0.004012107849121094,0.0040130615234375,0.004026174545288086,0.0040280818939208984,0.0040111541748046875,0.004007816314697266,0.004023075103759766
iota:merge_sort:3000:0.09368705749511719,0.09304308891296387,0.09287023544311523,0.0927419662475586,0.09298896789550781,0.09221720695495605,0.09274077415466309,0.09296107292175293,0.09297013282775879,0.09351396560668945
iota:merge_sort:300:0.006439924240112305,0.00642085075378418,0.006424903869628906,0.0064127445220947266,0.006449222564697266,0.006426811218261719,0.006422996520996094,0.006417036056518555,0.006439208984375,0.006413698196411133
iota:merge_sort:4000:0.1274561882019043,0.12696504592895508,0.12791800498962402,0.1353151798248291,0.13448691368103027,0.1326000690460205,0.13178205490112305,0.13408517837524414,0.13191509246826172,0.1316971778869629
iota:merge_sort:400:0.008987188339233398,0.008979082107543945,0.008987903594970703,0.009012222290039062,0.008981943130493164,0.009008169174194336,0.008993148803710938,0.009035110473632812,0.008989334106445312,0.009013175964355469
iota:merge_sort:5000:0.17525196075439453,0.17038393020629883,0.170335054397583,0.1703319549560547,0.17035698890686035,0.17196178436279297,0.17071104049682617,0.1701812744140625,0.1698131561279297,0.1697371006011963
iota:merge_sort:500:0.011639833450317383,0.011635065078735352,0.01162409782409668,0.011624813079833984,0.011667966842651367,0.011634349822998047,0.01163482666015625,0.011633157730102539,0.011713027954101562,0.011600732803344727
iota:merge_sort:6000:0.20849299430847168,0.2097008228302002,0.21356487274169922,0.20861124992370605,0.2109999656677246,0.217742919921875,0.2109239101409912,0.20828795433044434,0.211806058883667,0.2081141471862793
iota:merge_sort:600:0.014367818832397461,0.014355897903442383,0.014423131942749023,0.01438593864440918,0.014371871948242188,0.014438152313232422,0.01435708999633789,0.014360666275024414,0.014432191848754883,0.014377117156982422
iota:merge_sort:7000:0.24659109115600586,0.24863314628601074,0.24675583839416504,0.2471780776977539,0.24554705619812012,0.24868202209472656,0.25025486946105957,0.24734997749328613,0.24686622619628906,0.24973797798156738
iota:merge_sort:700:0.017223834991455078,0.01723504066467285,0.017238855361938477,0.01713705062866211,0.017169952392578125,0.017179012298583984,0.017175912857055664,0.01716899871826172,0.017184972763061523,0.017187118530273438
iota:merge_sort:8000:0.28674793243408203,0.2873382568359375,0.2871530055999756,0.2896900177001953,0.289337158203125,0.2864699363708496,0.28948402404785156,0.2918210029602051,0.28701186180114746,0.28660106658935547
iota:merge_sort:800:0.020123958587646484,0.02002716064453125,0.02010822296142578,0.019982099533081055,0.02003002166748047,0.020067214965820312,0.019887208938598633,0.0199739933013916,0.02003788948059082,0.02007603645324707
iota:merge_sort:9000:0.3298029899597168,0.3391420841217041,0.41405415534973145,0.34560203552246094,0.3266258239746094,0.33086609840393066,0.32952404022216797,0.33024096488952637,0.3302910327911377,0.3293881416320801
iota:merge_sort:900:0.02285623550415039,0.022768735885620117,0.022759199142456055,0.022880077362060547,0.022749900817871094,0.02289605140686035,0.022780895233154297,0.022797107696533203,0.02289581298828125,0.02275705337524414
iota:quick_sort:100000:
iota:quick_sort:10000:
iota:quick_sort:1000:
iota:quick_sort:100:0.00569605827331543,0.005182981491088867,0.0053310394287109375,0.005165815353393555,0.0052187442779541016,0.005202293395996094,0.0051457881927490234,0.005287885665893555,0.005156755447387695,0.005259990692138672
iota:quick_sort:100:0.00952911376953125,0.00682520866394043,0.005318164825439453,0.005208015441894531,0.0052547454833984375,0.006686210632324219,0.009608268737792969,0.0054912567138671875,0.005522966384887695,0.006541252136230469
iota:quick_sort:10:6.413459777832031e-05,6.389617919921875e-05,6.198883056640625e-05,6.198883056640625e-05,6.198883056640625e-05,6.29425048828125e-05,6.175041198730469e-05,6.318092346191406e-05,6.29425048828125e-05,6.29425048828125e-05
iota:quick_sort:10:6.508827209472656e-05,6.389617919921875e-05,9.131431579589844e-05,6.723403930664062e-05,6.29425048828125e-05,6.29425048828125e-05,6.389617919921875e-05,6.29425048828125e-05,6.318092346191406e-05,6.29425048828125e-05
iota:quick_sort:200:0.02272629737854004,0.022454023361206055,0.021908998489379883,0.023193836212158203,0.02197575569152832,0.022258281707763672,0.02195882797241211,0.023561954498291016,0.021908044815063477,0.02222275733947754
iota:quick_sort:300:0.05289340019226074,0.051347970962524414,0.05250906944274902,0.051483869552612305,0.052523136138916016,0.05198192596435547,0.05225372314453125,0.05125617980957031,0.05397796630859375,0.05165386199951172
iota:quick_sort:400:0.09449481964111328,0.09565997123718262,0.09493827819824219,0.09598898887634277,0.09592080116271973,0.09661602973937988,0.09635400772094727,0.09730029106140137,0.09354996681213379,0.09471893310546875
iota:quick_sort:500:0.1534879207611084,0.15721607208251953,0.1500380039215088,0.15265202522277832,0.15138697624206543,0.1545400619506836,0.15165090560913086,0.14974379539489746,0.15410804748535156,0.15191102027893066
iota:quick_sort:600:0.22362279891967773,0.2262709140777588,0.22774505615234375,0.22823023796081543,0.2250359058380127,0.22655296325683594,0.22562408447265625,0.2265310287475586,0.2266860008239746,0.22507381439208984
iota:quick_sort:700:0.3050391674041748,0.31105470657348633,0.31453990936279297,0.3051469326019287,0.30969715118408203,0.3141438961029053,0.30428194999694824,0.31017017364501953,0.3183271884918213,0.30957484245300293
iota:quick_sort:800:0.41991615295410156,0.40908169746398926,0.4127688407897949,0.4051697254180908,0.4188683032989502,0.41417503356933594,0.4135298728942871,0.41174912452697754,0.41870903968811035,0.4161510467529297
iota:quick_sort:900:0.5370538234710693,0.5375981330871582,0.5320346355438232,0.5277209281921387,0.541187047958374,0.5205209255218506,0.5269241333007812,0.5232348442077637,0.5218696594238281,0.5349578857421875
iota:recursive_insertion_sort:100000:
iota:recursive_insertion_sort:10000:
iota:recursive_insertion_sort:1000:
iota:recursive_insertion_sort:100:0.005933046340942383,0.00586700439453125,0.0059969425201416016,0.005852937698364258,0.00579524040222168,0.0057871341705322266,0.005872011184692383,0.005853176116943359,0.00585484504699707,0.005908012390136719
iota:recursive_insertion_sort:10:7.891654968261719e-05,7.796287536621094e-05,7.915496826171875e-05,7.891654968261719e-05,7.796287536621094e-05,8.106231689453125e-05,7.915496826171875e-05,7.82012939453125e-05,7.915496826171875e-05,8.0108642578125e-05
iota:recursive_insertion_sort:200:0.014741897583007812,0.014681100845336914,0.014644145965576172,0.01467585563659668,0.014800071716308594,0.01476287841796875,0.014760017395019531,0.014864921569824219,0.01477503776550293,0.014876127243041992
iota:recursive_insertion_sort:300:0.03427696228027344,0.034147024154663086,0.03417181968688965,0.034768104553222656,0.03460097312927246,0.03416085243225098,0.034217119216918945,0.03405594825744629,0.034023284912109375,0.0340428352355957
iota:recursive_insertion_sort:400:0.06249284744262695,0.06163620948791504,0.0613560676574707,0.061430931091308594,0.06902480125427246,0.06614398956298828,0.06168508529663086,0.062242984771728516,0.06193804740905762,0.0617218017578125
iota:recursive_insertion_sort:500:0.10267496109008789,0.10087227821350098,0.10911107063293457,0.10353612899780273,0.1013021469116211,0.11064982414245605,0.10330009460449219,0.09972524642944336,0.09975600242614746,0.09849977493286133
iota:recursive_insertion_sort:600:0.1435379981994629,0.14613127708435059,0.14903688430786133,0.14810919761657715,0.1470189094543457,0.14623188972473145,0.1468198299407959,0.14624977111816406,0.14738726615905762,0.14798998832702637
iota:recursive_insertion_sort:700:0.19865107536315918,0.20078587532043457,0.20154094696044922,0.23117280006408691,0.23375320434570312,0.21120476722717285,0.20051097869873047,0.2078568935394287,0.21269798278808594,0.21299409866333008
iota:recursive_insertion_sort:800:0.2638981342315674,0.2680947780609131,0.2698037624359131,0.2640509605407715,0.265211820602417,0.2958991527557373,0.2843739986419678,0.2925717830657959,0.2759261131286621,0.28783202171325684
iota:recursive_insertion_sort:900:0.33638882637023926,0.3347659111022949,0.33828186988830566,0.33858609199523926,0.3393988609313965,0.33391809463500977,0.33531785011291504,0.3377418518066406,0.34800076484680176,0.33614683151245117
rand_list:bubble_sort:100000:
rand_list:bubble_sort:10000:
rand_list:bubble_sort:1000:
rand_list:bubble_sort:100:0.013993024826049805,0.007360935211181641,0.01116800308227539,0.01001596450805664,0.008331060409545898,0.005660057067871094,0.006911039352416992,0.009945869445800781,0.0071980953216552734,0.00748896598815918
rand_list:bubble_sort:10:0.00010609626770019531,7.104873657226562e-05,7.200241088867188e-05,6.914138793945312e-05,7.224082946777344e-05,6.604194641113281e-05,6.914138793945312e-05,6.723403930664062e-05,7.128715515136719e-05,6.604194641113281e-05
rand_list:bubble_sort:200:0.023769140243530273,0.02388286590576172,0.023458003997802734,0.023504972457885742,0.02417898178100586,0.022884845733642578,0.02390122413635254,0.023062944412231445,0.023891925811767578,0.023543119430541992
rand_list:bubble_sort:300:0.05586123466491699,0.0554959774017334,0.05602407455444336,0.05560612678527832,0.05554676055908203,0.05561375617980957,0.05727124214172363,0.05541205406188965,0.05521988868713379,0.05414605140686035
rand_list:bubble_sort:400:0.09854412078857422,0.0991051197052002,0.09995126724243164,0.10095715522766113,0.09955930709838867,0.09897899627685547,0.09727001190185547,0.09919428825378418,0.10039019584655762,0.09798812866210938
rand_list:bubble_sort:500:0.15691018104553223,0.15794110298156738,0.15622901916503906,0.15711116790771484,0.1589059829711914,0.15606999397277832,0.1551377773284912,0.15651202201843262,0.1577601432800293,0.15859413146972656
rand_list:bubble_sort:600:0.23346519470214844,0.23137497901916504,0.2335829734802246,0.23322081565856934,0.23045015335083008,0.22943902015686035,0.22806715965270996,0.22979021072387695,0.23359227180480957,0.22942590713500977
rand_list:bubble_sort:700:0.31404995918273926,0.3095979690551758,0.31096816062927246,0.31737709045410156,0.31490015983581543,0.31016111373901367,0.3182649612426758,0.3125162124633789,0.31336069107055664,0.31807804107666016
rand_list:bubble_sort:800:0.4243650436401367,0.42209887504577637,0.4120450019836426,0.4103360176086426,0.40845322608947754,0.404069185256958,0.41302013397216797,0.4142000675201416,0.41513609886169434,0.43205809593200684
rand_list:bubble_sort:900:0.5210559368133545,0.5233340263366699,0.5310230255126953,0.5297889709472656,0.5294530391693115,0.5623641014099121,0.5444848537445068,0.7308559417724609,0.5450887680053711,0.5294530391693115
rand_list:bucket_sort:100000:1.9805068969726562,2.0008668899536133,1.9952149391174316,2.0667550563812256,2.066045045852661,2.106287717819214,2.1597650051116943,2.0459117889404297,2.110755205154419,2.0555660724639893
rand_list:bucket_sort:10000:0.19934606552124023,0.22356486320495605,0.22217321395874023,0.1973268985748291,0.23566699028015137,0.2280268669128418,0.22074389457702637,0.20043206214904785,0.19196796417236328,0.21120786666870117
rand_list:bucket_sort:1000:0.015697002410888672,0.02851128578186035,0.026047945022583008,0.02015519142150879,0.026749849319458008,0.020303964614868164,0.0195159912109375,0.014809131622314453,0.01487588882446289,0.020396947860717773
rand_list:bucket_sort:100:0.0014758110046386719,0.0014281272888183594,0.001486063003540039,0.001508951187133789,0.0014488697052001953,0.001476287841796875,0.003222942352294922,0.003072977066040039,0.0015418529510498047,0.0012929439544677734
rand_list:bucket_sort:10:0.0005590915679931641,0.000579833984375,0.000492095947265625,0.00032782554626464844,0.00019931793212890625,0.00018596649169921875,0.0001728534698486328,0.0002110004425048828,0.0001571178436279297,0.00014591217041015625
rand_list:bucket_sort:200:0.0044820308685302734,0.004023075103759766,0.003762960433959961,0.0036668777465820312,0.003498554229736328,0.003448009490966797,0.0030639171600341797,0.0031239986419677734,0.0027582645416259766,0.0028960704803466797
rand_list:bucket_sort:300:0.00408482551574707,0.0040357112884521484,0.004092216491699219,0.004078865051269531,0.004350900650024414,0.0041730403900146484,0.004499912261962891,0.004129886627197266,0.0042188167572021484,0.003923892974853516
rand_list:bucket_sort:400:0.005430698394775391,0.005515098571777344,0.00549006462097168,0.005389213562011719,0.0053577423095703125,0.005140066146850586,0.005610942840576172,0.0054149627685546875,0.0054018497467041016,0.005352973937988281
rand_list:bucket_sort:500:0.007019996643066406,0.006624937057495117,0.006673097610473633,0.0065326690673828125,0.006824016571044922,0.006499052047729492,0.006803274154663086,0.00678706169128418,0.006638765335083008,0.006777763366699219
rand_list:bucket_sort:600:0.008213996887207031,0.008140087127685547,0.007970809936523438,0.008233308792114258,0.008186817169189453,0.008990764617919922,0.008210897445678711,0.007968902587890625,0.008477926254272461,0.008089065551757812
rand_list:bucket_sort:700:0.009652853012084961,0.009500980377197266,0.009942054748535156,0.009334564208984375,0.009278297424316406,0.009679079055786133,0.00938105583190918,0.009348869323730469,0.009366035461425781,0.009458065032958984
rand_list:bucket_sort:800:0.010770082473754883,0.010875225067138672,0.010497093200683594,0.010313272476196289,0.01076507568359375,0.010687828063964844,0.01112985610961914,0.010616779327392578,0.010368108749389648,0.010416746139526367
rand_list:bucket_sort:900:0.012221813201904297,0.01220083236694336,0.012315034866333008,0.012286901473999023,0.01205897331237793,0.01200723648071289,0.012366056442260742,0.012431859970092773,0.011916875839233398,0.012251853942871094
rand_list:in_place_bubble_sort:10000:91.12607502937317,94.54826068878174
rand_list:in_place_bubble_sort:1000:0.882997989654541,0.8856298923492432,0.8839249610900879,0.8882360458374023,0.8850870132446289,0.8856279850006104,0.89235520362854,0.8850758075714111,0.8860800266265869,0.8776998519897461
rand_list:in_place_bubble_sort:100:0.009759187698364258,0.009464740753173828,0.009905815124511719,0.009884834289550781,0.009259939193725586,0.00931096076965332,0.009384870529174805,0.009181737899780273,0.00925588607788086,0.009283065795898438
rand_list:in_place_bubble_sort:10:0.00010395050048828125,0.0001220703125,8.821487426757812e-05,0.00014209747314453125,9.417533874511719e-05,9.298324584960938e-05,0.00011086463928222656,0.00010633468627929688,9.489059448242188e-05,8.702278137207031e-05
rand_list:in_place_bubble_sort:200:0.0392909049987793,0.035713911056518555,0.035249948501586914,0.03491091728210449,0.03499627113342285,0.03506183624267578,0.03514218330383301,0.03525590896606445,0.03586006164550781,0.034735918045043945
rand_list:in_place_bubble_sort:300:0.07927083969116211,0.07927322387695312,0.07995796203613281,0.0793306827545166,0.07879114151000977,0.08065295219421387,0.07993388175964355,0.07944703102111816,0.07957577705383301,0.07895469665527344
rand_list:in_place_bubble_sort:400:0.1403491497039795,0.14108896255493164,0.14092302322387695,0.14092803001403809,0.1433420181274414,0.14175200462341309,0.14420676231384277,0.14179301261901855,0.14238905906677246,0.14226007461547852
rand_list:in_place_bubble_sort:500:0.21959304809570312,0.22115421295166016,0.22102999687194824,0.22144198417663574,0.22072196006774902,0.22049427032470703,0.21920299530029297,0.21774911880493164,0.2199690341949463,0.22166776657104492
rand_list:in_place_bubble_sort:600:0.31548380851745605,0.3171539306640625,0.31363725662231445,0.31714367866516113,0.3205423355102539,0.3175079822540283,0.3180108070373535,0.31773805618286133,0.3161289691925049,0.319378137588501
rand_list:in_place_bubble_sort:700:0.43297791481018066,0.43471479415893555,0.43198323249816895,0.43416810035705566,0.4352149963378906,0.4319021701812744,0.4344451427459717,0.4313828945159912,0.4314103126525879,0.4313797950744629
rand_list:in_place_bubble_sort:800:0.5700328350067139,0.567702054977417,0.5657360553741455,0.5884490013122559,0.5668480396270752,0.568305253982544,0.5696611404418945,0.5638260841369629,0.5653362274169922,0.5673847198486328
rand_list:in_place_bubble_sort:900:0.7130329608917236,0.7122809886932373,0.7169122695922852,0.7143492698669434,0.7909660339355469,0.8699800968170166,0.728132963180542,0.7213659286499023,0.7218971252441406,0.7196447849273682
rand_list:iterative_insertion_sort:10000:112.61700415611267
rand_list:iterative_insertion_sort:1000:0.8530948162078857,0.8471858501434326,0.824193000793457,0.971513032913208,0.8545057773590088,0.8692317008972168,0.8935718536376953,0.8011856079101562,0.8287508487701416,0.9318709373474121
rand_list:iterative_insertion_sort:100:0.007487773895263672,0.006971120834350586,0.007844924926757812,0.00821995735168457,0.006659030914306641,0.008213996887207031,0.008014917373657227,0.007749795913696289,0.007092952728271484,0.007586956024169922
rand_list:iterative_insertion_sort:10:0.0001678466796875,0.00016307830810546875,0.00013971328735351562,0.00014519691467285156,0.00018596649169921875,0.0001430511474609375,0.0001537799835205078,0.0001571178436279297,0.00013899803161621094,0.0001430511474609375
rand_list:merge_sort:100000:7.368185997009277
rand_list:merge_sort:10000:0.5217442512512207,0.5406150817871094,0.5682497024536133,0.5931558609008789,0.5423047542572021,0.5769121646881104,0.5267777442932129,0.5726022720336914,0.5243668556213379,0.5795588493347168
rand_list:merge_sort:1000:0.05974078178405762,0.045871734619140625,0.04356122016906738,0.06144595146179199,0.03860902786254883,0.03857684135437012,0.03992295265197754,0.055056095123291016,0.0378570556640625,0.05282783508300781
rand_list:merge_sort:100:0.0018019676208496094,0.0017879009246826172,0.0018191337585449219,0.0017879009246826172,0.002185821533203125,0.0020270347595214844,0.0020189285278320312,0.011093854904174805,0.0042459964752197266,0.0017960071563720703
rand_list:merge_sort:10:0.00011992454528808594,9.322166442871094e-05,9.274482727050781e-05,9.393692016601562e-05,9.131431579589844e-05,9.298324584960938e-05,9.179115295410156e-05,8.678436279296875e-05,0.00014019012451171875,0.00012183189392089844
rand_list:merge_sort:2000:0.059725046157836914,0.056848764419555664,0.05701398849487305,0.057348012924194336,0.05692696571350098,0.057166099548339844,0.05865192413330078,0.05827474594116211,0.0569307804107666,0.05700206756591797
rand_list:merge_sort:200:0.0052700042724609375,0.004976034164428711,0.004525184631347656,0.0044438838958740234,0.0040972232818603516,0.0040340423583984375,0.003981828689575195,0.0042209625244140625,0.003935098648071289,0.003944873809814453
rand_list:merge_sort:3000:0.0914449691772461,0.09340906143188477,0.09124088287353516,0.09089207649230957,0.09131193161010742,0.09156394004821777,0.09197282791137695,0.09064006805419922,0.0904550552368164,0.09091496467590332
rand_list:merge_sort:300:0.00629115104675293,0.006239891052246094,0.006226062774658203,0.006289005279541016,0.0063021183013916016,0.006249904632568359,0.006244182586669922,0.006259918212890625,0.006218910217285156,0.006273984909057617
rand_list:merge_sort:4000:0.12450003623962402,0.12762093544006348,0.1254127025604248,0.12500381469726562,0.12660503387451172,0.12531733512878418,0.12525534629821777,0.1279606819152832,0.12427902221679688,0.12553191184997559
rand_list:merge_sort:400:0.00880575180053711,0.008790016174316406,0.008738994598388672,0.008764028549194336,0.008782148361206055,0.008730888366699219,0.008834123611450195,0.008744955062866211,0.008761167526245117,0.008826971054077148
rand_list:merge_sort:5000:0.16762495040893555,0.1672220230102539,0.17121100425720215,0.16818904876708984,0.16689705848693848,0.16850686073303223,0.1673140525817871,0.1663658618927002,0.16748905181884766,0.16696882247924805
rand_list:merge_sort:500:0.011387825012207031,0.011372089385986328,0.011343002319335938,0.011386871337890625,0.011347055435180664,0.011368036270141602,0.011408090591430664,0.011366128921508789,0.011364221572875977,0.011363029479980469
rand_list:merge_sort:6000:0.20681333541870117,0.20566296577453613,0.2034742832183838,0.20719194412231445,0.2042837142944336,0.20567584037780762,0.20392417907714844,0.20492982864379883,0.2045609951019287,0.2059950828552246
rand_list:merge_sort:600:0.014198064804077148,0.014271974563598633,0.014052152633666992,0.014122962951660156,0.014073848724365234,0.014081001281738281,0.014124155044555664,0.01407003402709961,0.01411128044128418,0.014770984649658203
rand_list:merge_sort:7000:0.2432849407196045,0.24178194999694824,0.2423388957977295,0.2429487705230713,0.24322509765625,0.24322509765625,0.24149394035339355,0.24548673629760742,0.24275422096252441,0.24343013763427734
rand_list:merge_sort:700:0.016822099685668945,0.016711950302124023,0.016740083694458008,0.01676797866821289,0.016772985458374023,0.01675891876220703,0.01679205894470215,0.016689777374267578,0.016930818557739258,0.017055034637451172
rand_list:merge_sort:8000:0.28397512435913086,0.2829146385192871,0.2828528881072998,0.2810211181640625,0.28141331672668457,0.28390002250671387,0.28193187713623047,0.2885160446166992,0.2815539836883545,0.28616809844970703
rand_list:merge_sort:800:0.01960897445678711,0.019521236419677734,0.019537925720214844,0.019598007202148438,0.019553661346435547,0.019615888595581055,0.019544124603271484,0.01958608627319336,0.01959228515625,0.01955389976501465
rand_list:merge_sort:9000:0.3237631320953369,0.32199883460998535,0.32291507720947266,0.3202192783355713,0.32150697708129883,0.32238006591796875,0.3216722011566162,0.3242669105529785,0.32003307342529297,0.3212399482727051
rand_list:merge_sort:900:0.022537946701049805,0.022619009017944336,0.022271156311035156,0.022302865982055664,0.02214813232421875,0.022276878356933594,0.023292064666748047,0.022218942642211914,0.022323131561279297,0.022264957427978516
rand_list:quick_sort:100000:0.7514641284942627,0.8699870109558105,0.8072738647460938,0.9792580604553223,0.7899179458618164,1.0049059391021729,0.951481819152832,1.0856530666351318,0.9225502014160156,0.9162437915802002,1.1107640266418457,1.2502248287200928,1.564314842224121,1.5060169696807861,1.369858980178833,1.380364179611206,1.438870906829834,1.4263520240783691,1.3177361488342285,1.3986339569091797,0.08104586601257324,0.08164095878601074,0.08436727523803711,0.07638788223266602,0.06275200843811035,0.08318901062011719,0.07849574089050293,0.0756678581237793,0.08463811874389648,0.0700690746307373
rand_list:quick_sort:10000:0.1284949779510498,0.11406302452087402,0.12058210372924805,0.10919594764709473,0.10758686065673828,0.1332380771636963,0.11235809326171875,0.12613296508789062,0.13139986991882324,0.1304471492767334
rand_list:quick_sort:1000:0.006905078887939453,0.007113933563232422,0.00832509994506836,0.00855398178100586,0.006955862045288086,0.008162975311279297,0.006300926208496094,0.006300926208496094,0.00645136833190918,0.0063931941986083984,0.011473894119262695,0.010628223419189453,0.01164102554321289,0.012948989868164062,0.016440868377685547,0.014388084411621094,0.012212991714477539,0.00953984260559082,0.007005929946899414,0.01532888412475586
rand_list:quick_sort:100:0.0006282329559326172,0.0007789134979248047,0.000698089599609375,0.0007359981536865234,0.0006511211395263672,0.0009317398071289062,0.0006620883941650391,0.0008339881896972656,0.0007379055023193359,0.0006110668182373047,0.0006520748138427734,0.0007688999176025391,0.0013630390167236328,0.0006971359252929688,0.0006880760192871094,0.0019342899322509766,0.0012128353118896484,0.0007951259613037109,0.0007050037384033203,0.0006778240203857422
rand_list:quick_sort:10:5.793571472167969e-05,5.125999450683594e-05,3.886222839355469e-05,4.291534423828125e-05,4.076957702636719e-05,3.409385681152344e-05,4.696846008300781e-05,3.695487976074219e-05,4.1961669921875e-05,3.504753112792969e-05,6.103515625e-05,4.506111145019531e-05,3.910064697265625e-05,4.7206878662109375e-05,4.100799560546875e-05,3.409385681152344e-05,4.291534423828125e-05,3.910064697265625e-05,4.506111145019531e-05,3.409385681152344e-05
rand_list:quick_sort:2000:0.020665884017944336,0.014315128326416016,0.016163110733032227,0.01497197151184082,0.014144182205200195,0.013750791549682617,0.01451873779296875,0.016869306564331055,0.012869834899902344,0.013968944549560547
rand_list:quick_sort:200:0.0016791820526123047,0.001505136489868164,0.0015411376953125,0.0014238357543945312,0.0013158321380615234,0.0013508796691894531,0.0017538070678710938,0.0016598701477050781,0.0013210773468017578,0.0014309883117675781
rand_list:quick_sort:3000:0.1685500144958496,0.021445274353027344,0.018462181091308594,0.02359294891357422,0.022275209426879883,0.023895978927612305,0.01962876319885254,0.024410009384155273,0.022385120391845703,0.02118206024169922
rand_list:quick_sort:300:0.0020999908447265625,0.002493143081665039,0.0020227432250976562,0.002513885498046875,0.002096891403198242,0.0023429393768310547,0.0019388198852539062,0.0019850730895996094,0.0021047592163085938,0.002222776412963867
rand_list:quick_sort:4000:0.028831958770751953,0.02773904800415039,0.030074119567871094,0.0258028507232666,0.026881933212280273,0.029405832290649414,0.03318190574645996,0.026913881301879883,0.033843994140625,0.0270998477935791
rand_list:quick_sort:400:0.003118276596069336,0.003053903579711914,0.0032498836517333984,0.002496004104614258,0.0026013851165771484,0.0027320384979248047,0.0025436878204345703,0.003187894821166992,0.0025022029876708984,0.002424955368041992
rand_list:quick_sort:5000:0.4064469337463379,0.03745222091674805,0.03977489471435547,0.04068422317504883,0.04124283790588379,0.0339360237121582,0.03549003601074219,0.04299283027648926,0.03556203842163086,0.04453086853027344
rand_list:quick_sort:500:0.004010915756225586,0.0034520626068115234,0.0035288333892822266,0.0038700103759765625,0.0048999786376953125,0.003598928451538086,0.0034596920013427734,0.0034410953521728516,0.004136800765991211,0.004591941833496094
rand_list:quick_sort:6000:0.043447017669677734,0.0539250373840332,0.04556894302368164,0.04308772087097168,0.045089006423950195,0.04569292068481445,0.04132390022277832,0.042006731033325195,0.04567074775695801,0.04352998733520508
rand_list:quick_sort:600:0.004112720489501953,0.004082918167114258,0.00441288948059082,0.004596233367919922,0.004015922546386719,0.0040378570556640625,0.004199028015136719,0.005401134490966797,0.004273176193237305,0.003832101821899414
rand_list:quick_sort:7000:0.05329489707946777,0.05916094779968262,0.060218095779418945,0.06011509895324707,0.054524898529052734,0.049696922302246094,0.04730510711669922,0.053613901138305664,0.04990720748901367,0.044693946838378906
rand_list:quick_sort:700:0.004626035690307617,0.0061991214752197266,0.005825042724609375,0.004325151443481445,0.005007028579711914,0.0048830509185791016,0.004709959030151367,0.00591278076171875,0.0044820308685302734,0.0051991939544677734
rand_list:quick_sort:8000:0.06021380424499512,0.05248093605041504,0.0538029670715332,0.06048297882080078,0.06361985206604004,0.05508685111999512,0.057437896728515625,0.07124471664428711,0.05718517303466797,0.048364877700805664
rand_list:quick_sort:800:0.005402803421020508,0.006325721740722656,0.005850076675415039,0.004897117614746094,0.005095958709716797,0.0048601627349853516,0.0056612491607666016,0.005867958068847656,0.006290912628173828,0.0066699981689453125
rand_list:quick_sort:9000:0.07377290725708008,0.06859993934631348,0.08669781684875488,0.07864785194396973,0.07248497009277344,0.07052278518676758,0.0666191577911377,0.06141400337219238,0.07192611694335938,0.07335019111633301
rand_list:quick_sort:900:0.006758928298950195,0.0069730281829833984,0.006819009780883789,0.0066640377044677734,0.005907773971557617,0.006295919418334961,0.007241964340209961,0.00756525993347168,0.005923032760620117,0.006330728530883789
rand_list:recursive_insertion_sort:100000:
rand_list:recursive_insertion_sort:10000:
rand_list:recursive_insertion_sort:1000:0.4412221908569336,0.4033200740814209,0.3883793354034424,0.41957592964172363,0.4208519458770752,0.45678091049194336,0.40747690200805664,0.38673877716064453,0.3957252502441406,0.39409613609313965
rand_list:recursive_insertion_sort:100:0.0032320022583007812,0.0032231807708740234,0.002836942672729492,0.0030913352966308594,0.0031998157501220703,0.0032460689544677734,0.003016948699951172,0.002953052520751953,0.003328084945678711,0.002950906753540039
rand_list:recursive_insertion_sort:10:7.390975952148438e-05,5.7220458984375e-05,6.604194641113281e-05,5.507469177246094e-05,6.103515625e-05,6.29425048828125e-05,4.673004150390625e-05,5.507469177246094e-05,5.1021575927734375e-05,6.508827209472656e-05
rand_list:recursive_insertion_sort:200:0.00966334342956543,0.008862972259521484,0.008108139038085938,0.007306098937988281,0.00739288330078125,0.007012844085693359,0.007660865783691406,0.006692171096801758,0.006732940673828125,0.006469249725341797
rand_list:recursive_insertion_sort:300:0.01650834083557129,0.016813039779663086,0.016514062881469727,0.017199993133544922,0.016549110412597656,0.01587200164794922,0.015820980072021484,0.01703500747680664,0.016974210739135742,0.015304088592529297
rand_list:recursive_insertion_sort:400:0.029755830764770508,0.030339956283569336,0.029569149017333984,0.03009319305419922,0.03154611587524414,0.0274350643157959,0.028562068939208984,0.029152870178222656,0.029036998748779297,0.030278921127319336
rand_list:recursive_insertion_sort:500:0.04931306838989258,0.04984092712402344,0.04883098602294922,0.049796104431152344,0.04620170593261719,0.04587697982788086,0.04824423789978027,0.04539370536804199,0.046416282653808594,0.049829721450805664
rand_list:recursive_insertion_sort:600:0.06957793235778809,0.06928324699401855,0.07407069206237793,0.07147693634033203,0.07321310043334961,0.08141589164733887,0.07246899604797363,0.06900382041931152,0.06922197341918945,0.06897616386413574
rand_list:recursive_insertion_sort:700:0.09927701950073242,0.10003995895385742,0.10325288772583008,0.09528493881225586,0.10000014305114746,0.10421395301818848,0.09803009033203125,0.09876775741577148,0.09959888458251953,0.10436201095581055
rand_list:recursive_insertion_sort:800:0.1264328956604004,0.13337993621826172,0.1395430564880371,0.12917304039001465,0.12566590309143066,0.13088321685791016,0.13643503189086914,0.1375260353088379,0.1298379898071289,0.12914109230041504
rand_list:recursive_insertion_sort:900:0.1654071807861328,0.16132831573486328,0.15776801109313965,0.19960522651672363,0.1622447967529297,0.17602300643920898,0.16717195510864258,0.16322922706604004,0.1610400676727295,0.16285109519958496
reverse_iota:bubble_sort:100000:
reverse_iota:bubble_sort:10000:
reverse_iota:bubble_sort:1000:
reverse_iota:bubble_sort:100:0.007027864456176758,0.007389068603515625,0.007363080978393555,0.007032155990600586,0.00733184814453125,0.00738215446472168,0.007361173629760742,0.007367134094238281,0.008783102035522461,0.00937795639038086
reverse_iota:bubble_sort:10:7.891654968261719e-05,7.796287536621094e-05,7.796287536621094e-05,7.796287536621094e-05,7.82012939453125e-05,7.796287536621094e-05,7.891654968261719e-05,7.891654968261719e-05,7.915496826171875e-05,7.772445678710938e-05
reverse_iota:bubble_sort:200:0.029562950134277344,0.029607772827148438,0.029600858688354492,0.029584884643554688,0.029896020889282227,0.031061649322509766,0.030105113983154297,0.030019044876098633,0.03001689910888672,0.0298919677734375
reverse_iota:bubble_sort:300:0.06831097602844238,0.06882190704345703,0.06907010078430176,0.06897401809692383,0.06921815872192383,0.06926608085632324,0.06953287124633789,0.07160496711730957,0.07052803039550781,0.06975793838500977
reverse_iota:bubble_sort:400:0.12584185600280762,0.12573003768920898,0.12662816047668457,0.12633490562438965,0.12752413749694824,0.1264340877532959,0.1261439323425293,0.12610912322998047,0.1258392333984375,0.1257307529449463
reverse_iota:bubble_sort:500:0.19898009300231934,0.1995382308959961,0.19724726676940918,0.19842195510864258,0.20016098022460938,0.19959282875061035,0.19939088821411133,0.20241904258728027,0.20050406455993652,0.19945120811462402
reverse_iota:bubble_sort:600:0.2913689613342285,0.2912869453430176,0.2904238700866699,0.28850317001342773,0.29163599014282227,0.290881872177124,0.28917765617370605,0.2882349491119385,0.2899341583251953,0.2897830009460449
reverse_iota:bubble_sort:700:0.3992619514465332,0.3970649242401123,0.39638400077819824,0.39615583419799805,0.47038984298706055,0.398958683013916,0.39865612983703613,0.39966392517089844,0.47988080978393555,0.54876708984375
reverse_iota:bubble_sort:800:0.5189330577850342,0.5189530849456787,0.5198421478271484,0.5204331874847412,0.5464057922363281,0.5191819667816162,0.5149366855621338,0.52205491065979,0.5202271938323975,0.5206019878387451
reverse_iota:bubble_sort:900:0.6625609397888184,0.6701931953430176,0.6775429248809814,0.6791431903839111,0.6610641479492188,0.6880970001220703,0.6717782020568848,0.6714489459991455,0.7974140644073486,0.7594821453094482
reverse_iota:bucket_sort:100000:1269.3247261047363
reverse_iota:bucket_sort:10000:20.033786058425903
reverse_iota:bucket_sort:1000:0.1771531105041504,0.1764669418334961,0.19167160987854004,0.2078700065612793,0.19357705116271973,0.20797109603881836,0.17604494094848633,0.18243694305419922,0.17918705940246582,0.18155789375305176
reverse_iota:bucket_sort:100:0.0014529228210449219,0.00145721435546875,0.0037109851837158203,0.004060029983520508,0.003047943115234375,0.0015606880187988281,0.0014982223510742188,0.0014560222625732422,0.0014622211456298828,0.0014529228210449219
reverse_iota:bucket_sort:10:4.00543212890625e-05,4.100799560546875e-05,4.00543212890625e-05,4.00543212890625e-05,3.981590270996094e-05,4.00543212890625e-05,3.981590270996094e-05,4.029273986816406e-05,4.00543212890625e-05,4.00543212890625e-05
reverse_iota:bucket_sort:200:0.005093097686767578,0.005088090896606445,0.005112171173095703,0.0050809383392333984,0.005098104476928711,0.005097866058349609,0.005154848098754883,0.004970073699951172,0.005071878433227539,0.0050868988037109375
reverse_iota:bucket_sort:300:0.011154890060424805,0.01108407974243164,0.011110067367553711,0.01111602783203125,0.011110067367553711,0.011134147644042969,0.011118888854980469,0.011107206344604492,0.01110696792602539,0.01111292839050293
reverse_iota:bucket_sort:400:0.01947188377380371,0.019483089447021484,0.01948094367980957,0.019481897354125977,0.01951003074645996,0.01949310302734375,0.01945185661315918,0.01948404312133789,0.019491910934448242,0.019516944885253906
reverse_iota:bucket_sort:500:0.030232906341552734,0.030304908752441406,0.03023219108581543,0.03030109405517578,0.030099868774414062,0.030246257781982422,0.030199050903320312,0.030226945877075195,0.030250072479248047,0.030460119247436523
reverse_iota:bucket_sort:600:0.04332590103149414,0.043226003646850586,0.04330801963806152,0.04339313507080078,0.043385982513427734,0.043736934661865234,0.04334092140197754,0.04356098175048828,0.043335914611816406,0.04317116737365723
reverse_iota:bucket_sort:700:0.058753013610839844,0.058831214904785156,0.05878186225891113,0.05878877639770508,0.058660030364990234,0.05881071090698242,0.05838608741760254,0.05897784233093262,0.0587468147277832,0.05878782272338867
reverse_iota:bucket_sort:800:0.07631301879882812,0.07651996612548828,0.07648181915283203,0.07651925086975098,0.07642412185668945,0.07629871368408203,0.07646822929382324,0.07643604278564453,0.07642030715942383,0.07651710510253906
reverse_iota:bucket_sort:900:0.09691691398620605,0.09654402732849121,0.09675478935241699,0.09787702560424805,0.0970621109008789,0.09664297103881836,0.09686827659606934,0.09659504890441895,0.09665989875793457,0.09662508964538574
reverse_iota:in_place_bubble_sort:10000:102.44943618774414
reverse_iota:in_place_bubble_sort:10000:109.56337809562683
reverse_iota:in_place_bubble_sort:1000:1.0162632465362549,1.0203239917755127,1.021630048751831,1.0183370113372803,1.0220589637756348,1.0187609195709229,1.0155220031738281,1.0202817916870117,1.015650987625122,1.020853042602539
reverse_iota:in_place_bubble_sort:1000:1.074131965637207,1.0705769062042236,1.0777819156646729,1.0696101188659668,1.0880451202392578,1.0705900192260742,1.1365671157836914,1.1025927066802979,1.0882759094238281,1.0778238773345947
reverse_iota:in_place_bubble_sort:100:0.010127067565917969,0.010130167007446289,0.010151863098144531,0.010168790817260742,0.010139942169189453,0.010133028030395508,0.010139942169189453,0.010190725326538086,0.010127782821655273,0.010200023651123047
reverse_iota:in_place_bubble_sort:100:0.01058816909790039,0.010597944259643555,0.010544061660766602,0.010537147521972656,0.010540962219238281,0.010543107986450195,0.0105438232421875,0.010550737380981445,0.010557174682617188,0.010549068450927734
reverse_iota:in_place_bubble_sort:10:0.00010323524475097656,0.00010323524475097656,0.00010418891906738281,0.00010395050048828125,0.00023698806762695312,0.0002598762512207031,0.0001800060272216797,0.00010395050048828125,0.00010085105895996094,0.00010085105895996094
reverse_iota:in_place_bubble_sort:10:0.00012803077697753906,0.00012683868408203125,0.0001270771026611328,0.00012803077697753906,0.0001239776611328125,0.00011587142944335938,0.00011706352233886719,0.00011897087097167969,0.0001220703125,0.00011897087097167969
reverse_iota:in_place_bubble_sort:200:0.040277957916259766,0.04020261764526367,0.0402979850769043,0.0402069091796875,0.04021406173706055,0.04053497314453125,0.040187835693359375,0.040261268615722656,0.04039621353149414,0.04036569595336914
reverse_iota:in_place_bubble_sort:200:0.04061412811279297,0.04074287414550781,0.040618896484375,0.040592193603515625,0.04065680503845215,0.04056191444396973,0.0406041145324707,0.04060173034667969,0.04055595397949219,0.04053521156311035
reverse_iota:in_place_bubble_sort:300:0.09119176864624023,0.09127211570739746,0.09125971794128418,0.09132266044616699,0.09072685241699219,0.09121012687683105,0.09107208251953125,0.09102702140808105,0.09101986885070801,0.09111976623535156
reverse_iota:in_place_bubble_sort:300:0.0912179946899414,0.09141683578491211,0.09129691123962402,0.09147286415100098,0.0925750732421875,0.09284782409667969,0.09128284454345703,0.09130382537841797,0.09136390686035156,0.0914459228515625
reverse_iota:in_place_bubble_sort:400:0.16194391250610352,0.16201210021972656,0.16385793685913086,0.16228318214416504,0.16242003440856934,0.16263198852539062,0.16103601455688477,0.1614830493927002,0.1625659465789795,0.1620488166809082
reverse_iota:in_place_bubble_sort:500:0.2542300224304199,0.2509422302246094,0.2533690929412842,0.25391173362731934,0.2534770965576172,0.25309181213378906,0.2536180019378662,0.2534599304199219,0.2533860206604004,0.25359106063842773
reverse_iota:in_place_bubble_sort:600:0.3642427921295166,0.3657400608062744,0.365814208984375,0.3648569583892822,0.3657219409942627,0.3629941940307617,0.36608409881591797,0.3646552562713623,0.36468505859375,0.36489105224609375
reverse_iota:in_place_bubble_sort:700:0.5426008701324463,0.49807119369506836,0.49596691131591797,0.4973111152648926,0.5003018379211426,0.4988667964935303,0.49939894676208496,0.49930405616760254,0.5003829002380371,0.5021970272064209
reverse_iota:in_place_bubble_sort:800:0.6529390811920166,0.652987003326416,0.6499989032745361,0.6483278274536133,0.6511268615722656,0.6926369667053223,0.6537296772003174,0.6487350463867188,0.6523652076721191,0.6503150463104248
reverse_iota:in_place_bubble_sort:900:0.8432660102844238,0.8225288391113281,0.8231778144836426,0.8198041915893555,0.8243138790130615,0.8242530822753906,0.8224751949310303,0.8225500583648682,0.8245387077331543,0.822504997253418
reverse_iota:iterative_insertion_sort:1000:0.009958028793334961,0.009907007217407227,0.009901046752929688,0.008625030517578125,0.00934600830078125,0.009901046752929688,0.009664058685302734,0.00859379768371582,0.009645223617553711,0.009150266647338867
reverse_iota:iterative_insertion_sort:100:0.0008318424224853516,0.0008358955383300781,0.0008299350738525391,0.0008618831634521484,0.0008420944213867188,0.0008330345153808594,0.0008378028869628906,0.0008337497711181641,0.0008368492126464844,0.0008327960968017578
reverse_iota:iterative_insertion_sort:10:8.296966552734375e-05,8.225440979003906e-05,8.20159912109375e-05,8.296966552734375e-05,9.703636169433594e-05,8.392333984375e-05,8.20159912109375e-05,8.296966552734375e-05,8.296966552734375e-05,8.296966552734375e-05
reverse_iota:merge_sort:100000:7.964756965637207
reverse_iota:merge_sort:10000:0.5958850383758545,0.627269983291626,0.5483391284942627,0.5934820175170898,0.6285591125488281,0.6204249858856201,0.5725979804992676,0.6291308403015137,0.6442680358886719,0.6858389377593994
reverse_iota:merge_sort:1000:0.036974191665649414,0.043966054916381836,0.03997206687927246,0.03715205192565918,0.03777599334716797,0.0400090217590332,0.04089713096618652,0.03929877281188965,0.04871392250061035,0.037233829498291016
reverse_iota:merge_sort:100:0.006484031677246094,0.005691051483154297,0.006674289703369141,0.0019838809967041016,0.0020570755004882812,0.002880096435546875,0.003792285919189453,0.0023946762084960938,0.004405975341796875,0.001833200454711914
reverse_iota:merge_sort:10:9.703636169433594e-05,9.584426879882812e-05,9.584426879882812e-05,9.703636169433594e-05,9.703636169433594e-05,9.703636169433594e-05,9.703636169433594e-05,9.679794311523438e-05,9.703636169433594e-05,9.799003601074219e-05
reverse_iota:merge_sort:2000:0.05843997001647949,0.05796694755554199,0.05917096138000488,0.058767080307006836,0.05889892578125,0.0583348274230957,0.05801987648010254,0.058645009994506836,0.05826091766357422,0.058477163314819336
reverse_iota:merge_sort:200:0.004019975662231445,0.004027128219604492,0.0040111541748046875,0.004010915756225586,0.004015684127807617,0.004027128219604492,0.004002809524536133,0.004000186920166016,0.003990650177001953,0.004004955291748047
reverse_iota:merge_sort:3000:0.09383082389831543,0.0938270092010498,0.09211230278015137,0.09199285507202148,0.09277868270874023,0.09323596954345703,0.09508419036865234,0.09236001968383789,0.093231201171875,0.09304499626159668
reverse_iota:merge_sort:300:0.006429910659790039,0.006417036056518555,0.006420135498046875,0.006415843963623047,0.006444692611694336,0.006430864334106445,0.006439924240112305,0.00642085075378418,0.006422996520996094,0.006416797637939453
reverse_iota:merge_sort:4000:0.13354802131652832,0.13263511657714844,0.1322791576385498,0.1331930160522461,0.13137412071228027,0.13121533393859863,0.13152265548706055,0.13204717636108398,0.1311039924621582,0.13259506225585938
reverse_iota:merge_sort:400:0.008996009826660156,0.00902700424194336,0.00922393798828125,0.008971929550170898,0.008970975875854492,0.009202003479003906,0.008945226669311523,0.009046077728271484,0.009924888610839844,0.009018898010253906
reverse_iota:merge_sort:5000:0.17091083526611328,0.16942310333251953,0.1687629222869873,0.17064595222473145,0.1716747283935547,0.17178583145141602,0.169907808303833,0.1715703010559082,0.17214393615722656,0.17049908638000488
reverse_iota:merge_sort:500:0.01162099838256836,0.011598825454711914,0.011665821075439453,0.011636972427368164,0.011613130569458008,0.011617898941040039,0.011645078659057617,0.011633872985839844,0.011639118194580078,0.01164388656616211
reverse_iota:merge_sort:6000:0.2103428840637207,0.2088630199432373,0.21051812171936035,0.21074724197387695,0.20868301391601562,0.20912814140319824,0.20961308479309082,0.20923805236816406,0.2087080478668213,0.20854926109313965
reverse_iota:merge_sort:600:0.014361143112182617,0.014436960220336914,0.014374971389770508,0.014374732971191406,0.014417886734008789,0.014389991760253906,0.014398813247680664,0.014478921890258789,0.01438593864440918,0.014416694641113281
reverse_iota:merge_sort:7000:0.24666905403137207,0.24730587005615234,0.2482013702392578,0.24656891822814941,0.24932312965393066,0.2487187385559082,0.2495279312133789,0.2502577304840088,0.24828791618347168,0.24705100059509277
reverse_iota:merge_sort:700:0.017179012298583984,0.01715993881225586,0.017171144485473633,0.01714301109313965,0.01717090606689453,0.017161846160888672,0.017228126525878906,0.017225980758666992,0.017194032669067383,0.017184019088745117
reverse_iota:merge_sort:8000:0.2876920700073242,0.2896761894226074,0.28703784942626953,0.28731584548950195,0.2880830764770508,0.2867717742919922,0.28812599182128906,0.28578710556030273,0.28690600395202637,0.28736424446105957
reverse_iota:merge_sort:800:0.020089149475097656,0.02003002166748047,0.020160913467407227,0.02003312110900879,0.02006816864013672,0.02004408836364746,0.020039081573486328,0.020094871520996094,0.020048141479492188,0.020134925842285156
reverse_iota:merge_sort:9000:0.37712597846984863,0.33000993728637695,0.33727097511291504,0.3354649543762207,0.3528871536254883,0.3332858085632324,0.33034586906433105,0.3383810520172119,0.3299241065979004,0.3302490711212158
reverse_iota:merge_sort:900:0.022832870483398438,0.022792339324951172,0.022841930389404297,0.022774934768676758,0.022778034210205078,0.023534059524536133,0.02276301383972168,0.02288198471069336,0.02280282974243164,0.022867918014526367
reverse_iota:quick_sort:100000:
reverse_iota:quick_sort:100000:
reverse_iota:quick_sort:10000:
reverse_iota:quick_sort:10000:
reverse_iota:quick_sort:1000:
reverse_iota:quick_sort:1000:
reverse_iota:quick_sort:100:0.0052127838134765625,0.005243778228759766,0.0053560733795166016,0.005228757858276367,0.005320072174072266,0.005206108093261719,0.0061261653900146484,0.005232095718383789,0.00523686408996582,0.0053539276123046875
reverse_iota:quick_sort:100:0.005308866500854492,0.005258083343505859,0.005414009094238281,0.005229949951171875,0.005333900451660156,0.0053272247314453125,0.006367921829223633,0.005542278289794922,0.005405902862548828,0.008411884307861328
reverse_iota:quick_sort:10:6.890296936035156e-05,6.818771362304688e-05,6.794929504394531e-05,6.771087646484375e-05,6.890296936035156e-05,7.104873657226562e-05,7.009506225585938e-05,7.081031799316406e-05,7.009506225585938e-05,7.081031799316406e-05
reverse_iota:quick_sort:10:6.985664367675781e-05,6.890296936035156e-05,6.914138793945312e-05,6.914138793945312e-05,6.890296936035156e-05,6.890296936035156e-05,6.914138793945312e-05,6.794929504394531e-05,6.818771362304688e-05,6.794929504394531e-05
reverse_iota:quick_sort:2000:
reverse_iota:quick_sort:200:0.022619962692260742,0.02263021469116211,0.0236361026763916,0.02271103858947754,0.022649049758911133,0.022777080535888672,0.02393198013305664,0.022471904754638672,0.02257680892944336,0.023048877716064453
reverse_iota:quick_sort:3000:
reverse_iota:quick_sort:300:0.05336499214172363,0.05218982696533203,0.05380725860595703,0.05207395553588867,0.053462982177734375,0.05213594436645508,0.053382158279418945,0.052039146423339844,0.05375504493713379,0.051878929138183594
reverse_iota:quick_sort:4000:
reverse_iota:quick_sort:400:0.09429383277893066,0.09493398666381836,0.09558916091918945,0.09759092330932617,0.09745216369628906,0.09814810752868652,0.094635009765625,0.09463119506835938,0.09479713439941406,0.09562802314758301
reverse_iota:quick_sort:5000:
reverse_iota:quick_sort:500:0.14962482452392578,0.15346622467041016,0.15126991271972656,0.1539599895477295,0.15184736251831055,0.15068817138671875,0.15295982360839844,0.1502540111541748,0.14977502822875977,0.15227293968200684
reverse_iota:quick_sort:6000:
reverse_iota:quick_sort:600:0.22524213790893555,0.22556185722351074,0.2251579761505127,0.21727919578552246,0.21687722206115723,0.21794915199279785,0.21988582611083984,0.21931004524230957,0.21987676620483398,0.21808314323425293
reverse_iota:quick_sort:7000:
reverse_iota:quick_sort:700:0.3076920509338379,0.30867719650268555,0.30208373069763184,0.324674129486084,0.31650590896606445,0.30416274070739746,0.3074820041656494,0.3118550777435303,0.3084909915924072,0.3085622787475586
reverse_iota:quick_sort:8000:
reverse_iota:quick_sort:800:0.41045117378234863,0.40126585960388184,0.4143519401550293,0.41004490852355957,0.41176605224609375,0.40161585807800293,0.41701793670654297,0.4044511318206787,0.42069005966186523,0.4068260192871094
reverse_iota:quick_sort:9000:
reverse_iota:quick_sort:900:0.5255117416381836,0.5180349349975586,0.5074779987335205,0.5261111259460449,0.5244691371917725,0.5142049789428711,0.5258529186248779,0.5209579467773438,0.5159249305725098,0.5080063343048096
reverse_iota:recursive_insertion_sort:100000:0.33538103103637695,0.3443319797515869,0.34848690032958984,0.3265659809112549,0.32290029525756836,0.3511512279510498,0.33127713203430176,0.31782102584838867,0.37388014793395996,0.32681822776794434
reverse_iota:recursive_insertion_sort:10000:0.03267979621887207,0.03238511085510254,0.032269954681396484,0.032824039459228516,0.030668973922729492,0.030421972274780273,0.028049945831298828,0.0300290584564209,0.031494855880737305,0.029728174209594727
reverse_iota:recursive_insertion_sort:1000:0.002785921096801758,0.002749919891357422,0.00273895263671875,0.0027458667755126953,0.0027451515197753906,0.002975940704345703,0.003161907196044922,0.0031778812408447266,0.0031800270080566406,0.003180980682373047
reverse_iota:recursive_insertion_sort:100:0.00027108192443847656,0.00026988983154296875,0.0002701282501220703,0.00027108192443847656,0.0003039836883544922,0.000270843505859375,0.000308990478515625,0.0002701282501220703,0.0002701282501220703,0.00027108192443847656
reverse_iota:recursive_insertion_sort:10:3.1948089599609375e-05,3.0994415283203125e-05,2.8848648071289062e-05,2.9087066650390625e-05,3.0040740966796875e-05,2.9087066650390625e-05,2.9087066650390625e-05,2.8133392333984375e-05,2.7894973754882812e-05,2.8848648071289062e-05
reverse_iota:recursive_insertion_sort:200:0.0002970695495605469,0.00029587745666503906,0.0002963542938232422,0.0002968311309814453,0.0002989768981933594,0.0002970695495605469,0.0002968311309814453,0.0002980232238769531,0.0003008842468261719,0.0002980232238769531
reverse_iota:recursive_insertion_sort:300:0.0004420280456542969,0.0004432201385498047,0.0004429817199707031,0.0004410743713378906,0.0004410743713378906,0.0004410743713378906,0.00044083595275878906,0.0004429817199707031,0.0004401206970214844,0.00044417381286621094
reverse_iota:recursive_insertion_sort:400:0.0006079673767089844,0.0006098747253417969,0.0006120204925537109,0.0006108283996582031,0.0006299018859863281,0.0006079673767089844,0.0006108283996582031,0.0006091594696044922,0.0006098747253417969,0.0006089210510253906
reverse_iota:recursive_insertion_sort:500:0.0007610321044921875,0.0007586479187011719,0.0007550716400146484,0.0007560253143310547,0.0007569789886474609,0.0007576942443847656,0.0007588863372802734,0.0007538795471191406,0.0007562637329101562,0.0007581710815429688
reverse_iota:recursive_insertion_sort:600:0.0009160041809082031,0.0009179115295410156,0.0009181499481201172,0.0009181499481201172,0.0009107589721679688,0.0009188652038574219,0.0009419918060302734,0.0009577274322509766,0.0009617805480957031,0.0009448528289794922
reverse_iota:recursive_insertion_sort:700:0.0010609626770019531,0.0010919570922851562,0.0010619163513183594,0.0010607242584228516,0.0010619163513183594,0.001064300537109375,0.0010581016540527344,0.0010929107666015625,0.0010600090026855469,0.0010662078857421875
reverse_iota:recursive_insertion_sort:800:0.0012133121490478516,0.0012059211730957031,0.0012059211730957031,0.0012259483337402344,0.0011949539184570312,0.001194000244140625,0.0012030601501464844,0.0011990070343017578,0.0011987686157226562,0.0012247562408447266
reverse_iota:recursive_insertion_sort:900:0.001377105712890625,0.0013680458068847656,0.0013587474822998047,0.0013568401336669922,0.0013580322265625,0.0013570785522460938,0.0013899803161621094,0.0013561248779296875,0.0013556480407714844,0.0013599395751953125
